
*lrs:lrslib v.4.1, 2001.6.26(32bit,lrsmp.h)
*Copyright (C) 1995,2001, David Avis   avis@cs.mcgill.ca 
fcone_14
V-representation
begin
***** 10 rational
 1  0  0  0  0  0  0  0  0  0 
 0  1  0  0  0  0  0  0  0  0 
 0  12  1  0  0  0  0  0  0  0 
 0  562  49  26  48  66  80  90  96  98 
 0  414  39  54  78  72  36  18  62  77 
 0  127  12  17  24  21  8  9  16  21 
 0  31  3  5  6  6  2  3  4  6 
 0  83  8  13  16  9  8  7  8  13 
 0  94  9  14  18  12  8  6  10  15 
 0  10  1  2  2  2  1  1  1  2 
 0  41  4  7  8  5  4  3  4  7 
 0  20  2  4  4  3  2  2  2  4 
 0  20  2  4  4  2  3  2  2  4 
 0  127  12  17  24  21  8  17  16  21 
 0  31  3  5  6  6  2  5  4  6 
 0  223  21  29  42  39  20  35  34  42 
 0  83  8  13  16  9  8  13  8  13 
 0  20  2  4  4  3  2  4  2  4 
 0  30  3  6  6  4  2  6  4  2 
 0  194  17  10  18  24  28  32  34  34 
 0  56  5  4  6  8  8  10  10  10 
 0  32  3  4  6  6  4  6  6  4 
 0  63  6  9  12  12  6  11  10  6 
 0  96  9  12  18  18  12  16  14  6 
 0  348  33  48  66  66  36  56  58  30 
 0  255  24  33  48  45  24  41  40  21 
 0  31  3  5  6  6  3  6  5  3 
 0  92  9  16  18  18  12  16  18  6 
 0  30  3  6  6  6  4  6  6  2 
 0  33  3  3  5  6  6  6  5  3 
 0  32  3  4  6  6  4  2  4  5 
 0  138  13  18  26  24  12  6  18  23 
 0  414  39  54  78  72  36  18  62  76 
 0  63  6  9  12  12  6  3  10  11 
 0  32  3  4  6  6  4  4  6  6 
 0  286  27  38  54  48  20  18  38  36 
 0  94  9  14  18  18  8  6  14  12 
 0  138  13  18  26  24  12  6  18  20 
 0  32  3  4  6  6  4  2  4  4 
 0  21  2  3  4  4  2  1  3  3 
 0  85  8  11  16  15  8  7  8  11 
 0  32  3  4  6  6  4  3  3  4 
 0  21  2  3  4  4  2  2  2  3 
 0  53  5  7  10  9  4  3  6  8 
 0  52  5  8  10  10  4  4  6  9 
 0  127  12  17  24  21  8  9  16  15 
 0  32  3  4  6  6  4  3  3  3 
 0  85  8  11  16  15  8  7  8  9 
 0  53  5  7  10  9  4  3  6  7 
 0  10  1  2  2  2  1  2  1  1 
 0  31  3  5  6  3  2  5  4  1 
 0  21  2  3  4  3  2  3  2  1 
 0  32  3  4  6  6  4  6  6  6 
 0  127  12  17  24  21  8  17  16  13 
 0  31  3  5  6  6  2  5  4  4 
 0  30  3  6  6  6  2  6  4  4 
 0  127  12  17  24  21  8  11  16  13 
 0  85  8  11  16  15  8  11  8  7 
 0  21  2  3  4  4  2  3  2  2 
 0  64  6  8  12  12  8  9  6  4 
 0  85  8  11  16  15  8  9  8  7 
 0  32  3  4  6  6  4  4  3  2 
 0  98  9  10  16  18  16  14  8  2 
 0  32  3  4  6  6  5  5  3  1 
 0  64  6  8  12  12  12  11  6  2 
 0  21  2  3  4  4  4  4  2  1 
 0  32  3  4  6  6  6  5  3  1 
 0  64  6  8  12  12  8  11  10  12 
 0  10  1  2  2  2  1  2  1  2 
 0  85  8  11  16  15  8  11  8  11 
 0  21  2  3  4  4  2  3  2  3 
 0  64  6  8  12  12  8  9  6  8 
 0  286  27  38  54  48  20  26  38  28 
 0  32  3  4  6  6  4  4  4  2 
 0  94  9  14  18  18  8  8  14  10 
 0  30  3  6  6  6  4  4  6  2 
 0  22  2  2  3  3  3  3  4  4 
 0  330  33  66  66  56  42  24  64  66 
 0  31  3  5  6  5  4  3  6  6 
 0  150  15  30  30  26  20  12  30  30 
 0  30  3  6  6  5  4  3  6  6 
 0  157  15  23  30  21  14  9  24  23 
 0  253  24  35  48  39  32  27  48  47 
 0  95  9  13  18  15  12  10  18  18 
 0  92  9  16  18  14  10  6  16  12 
 0  150  15  30  30  26  20  12  30  18 
 0  330  33  66  66  56  42  24  64  42 
 0  90  9  18  12  14  12  6  16  6 
 0  250  25  50  24  38  36  18  44  6 
 0  90  9  18  9  13  12  6  15  3 
 0  90  9  18  12  10  12  6  12  6 
 0  159  15  21  30  27  14  7  24  29 
 0  30  3  6  6  6  4  2  6  4 
 0  94  9  14  18  18  12  8  18  18 
 0  31  3  5  6  3  5  3  4  6 
 0  94  9  14  18  12  10  6  14  12 
 0  52  5  8  10  7  5  3  8  7 
 0  187  18  29  36  21  28  15  26  36 
 0  137  13  19  26  21  18  15  26  26 
 0  51  5  9  10  7  6  3  8  9 
 0  90  9  18  18  12  12  6  14  17 
 0  42  4  6  8  6  4  2  6  7 
 0  51  5  9  10  7  6  3  8  7 
 0  90  9  18  18  14  12  6  16  12 
 0  90  9  18  16  10  12  6  12  10 
 0  30  3  6  6  4  4  2  4  4 
 0  90  9  18  18  12  12  6  14  12 
 0  21  2  3  4  3  2  1  3  3 
 0  63  6  9  12  9  6  3  8  11 
 0  148  13  8  14  18  22  24  26  26 
 0  50  5  10  10  8  10  6  10  4 
 0  21  2  3  4  3  4  3  4  3 
 0  302  29  46  58  36  50  30  46  28 
 0  134  13  22  26  20  26  14  22  12 
 0  21  2  3  4  3  4  3  4  4 
 0  218  21  34  42  24  34  18  30  42 
 0  218  21  34  42  24  34  18  30  24 
 0  50  5  10  10  8  10  6  10  10 
 0  72  7  12  14  8  12  6  10  8 
 0  52  5  8  10  6  8  4  7  6 
 0  32  3  4  6  6  6  4  6  6 
 0  42  4  6  8  8  8  4  7  6 
 0  96  9  12  18  18  16  8  15  16 
 0  63  6  9  12  9  10  5  9  7 
 0  31  3  5  6  5  6  3  5  3 
 0  10  1  2  2  2  2  1  2  1 
 0  96  9  12  18  18  16  8  12  10 
 0  21  2  3  4  4  4  2  3  2 
 0  32  3  4  6  6  6  4  4  2 
 0  96  9  12  16  12  18  18  18  18 
 0  94  9  14  18  12  18  18  18  18 
 0  92  9  16  18  6  12  12  10  6 
 0  50  5  10  10  4  8  6  6  4 
 0  30  3  6  6  4  6  6  6  4 
 0  94  9  14  18  12  18  18  18  16 
 0  41  4  7  8  3  6  5  4  3 
 0  140  13  16  22  18  26  24  26  26 
 0  72  7  12  14  6  14  12  10  14 
 0  31  3  5  6  3  5  3  4  3 
 0  22  2  2  3  3  4  4  4  4 
 0  103  10  17  20  9  17  11  10  9 
 0  21  2  3  4  3  4  3  2  1 
 0  94  9  14  18  12  14  18  18  8 
 0  74  7  10  14  12  14  10  10  4 
 0  78  7  6  10  12  14  14  14  12 
 0  74  7  10  14  12  14  14  14  8 
 0  10  1  2  0  2  0  2  0  2 
 0  223  21  29  42  39  20  10  34  42 
 0  159  15  21  30  28  14  7  24  30 
 0  51  5  9  10  7  6  3  6  10 
 0  51  5  9  10  9  6  3  6  10 
 0  190  19  38  18  30  28  14  34  4 
 0  30  3  6  3  5  4  2  5  1 
 0  56  5  4  6  8  8  8  10  10 
 0  158  15  22  30  30  16  8  26  30 
 0  118  11  14  18  22  16  12  22  22 
 0  130  13  26  18  26  20  10  26  18 
 0  180  17  24  27  34  20  10  29  27 
 0  290  27  34  42  54  40  30  54  52 
 0  54  5  6  8  10  8  6  10  10 
 0  130  13  26  18  26  20  10  26  8 
 0  43  4  5  6  8  6  5  8  8 
 0  21  2  3  3  4  2  1  3  3 
 0  21  2  3  3  4  2  1  3  2 
 0  30  3  6  4  6  4  2  4  4 
 0  30  3  6  6  6  4  2  4  6 
 0  90  9  18  12  18  12  6  16  6 
 0  30  3  6  6  6  4  2  4  4 
 0  30  3  6  6  6  4  6  6  6 
 0  30  3  6  6  6  2  4  4  4 
 0  30  3  6  6  4  2  4  4  2 
 0  63  6  9  12  11  4  5  8  7 
 0  156  15  24  30  30  12  12  22  18 
 0  31  3  5  6  6  2  3  4  4 
 0  30  3  6  6  6  3  3  5  3 
 0  21  2  3  4  4  2  2  2  2 
 0  52  5  8  10  10  4  4  6  6 
 0  10  1  2  2  2  1  1  1  1 
 0  21  2  3  4  4  2  1  3  4 
 0  63  6  9  12  12  6  3  10  12 
 0  54  5  6  8  10  8  6  4  2 
 0  75  7  9  12  14  10  5  9  12 
 0  130  12  14  22  24  20  10  19  22 
 0  98  9  10  16  18  16  10  16  18 
 0  32  3  4  6  6  4  2  5  6 
 0  50  5  10  6  10  8  6  10  2 
 0  468  41  24  42  58  68  76  82  82 
 0  54  5  6  6  10  8  10  10  10 
 0  71  7  13  9  14  11  8  14  3 
 0  562  53  74  72  106  64  58  88  42 
 0  140  13  16  18  26  20  20  26  18 
 0  90  9  18  12  18  14  8  18  4 
 0  22  2  2  3  4  4  4  4  3 
 0  90  9  18  18  14  12  6  16  18 
 0  63  6  9  12  11  6  3  10  12 
 0  250  25  50  48  42  32  18  48  50 
 0  30  3  6  6  6  4  2  6  6 
 0  290  29  58  54  50  40  24  58  58 
 0  90  9  18  12  14  12  6  16  12 
 0  90  9  18  16  10  12  6  12  16 
 0  30  3  6  6  4  4  2  4  6 
 0  570  57  114  48  66  80  90  96  98 
 0  490  49  98  48  66  80  90  96  98 
 0  110  11  22  12  15  18  21  22  22 
 0  450  45  90  48  42  48  66  64  58 
 0  90  9  18  12  12  14  18  18  17 
 0  50  5  10  6  7  8  10  10  10 
 0  30  3  6  4  4  5  6  6  6 
 0  250  25  50  24  26  26  24  34  35 
 0  30  3  6  3  3  3  3  4  4 
 0  70  7  14  8  6  8  6  8  10 
 0  33  3  3  3  5  5  6  6  6 
 0  31  3  5  3  6  5  6  6  5 
 0  30  3  6  3  6  5  5  6  3 
 0  50  5  10  6  10  8  10  10  6 
 0  100  9  8  12  14  18  18  18  18 
 0  31  3  5  5  4  6  3  3  2 
 0  20  2  4  3  3  4  2  3  1 
 0  71  7  13  12  7  14  7  6  7 
 0  70  7  14  12  4  14  8  6  12 
 0  70  7  14  12  4  14  8  6  13 
 0  308  27  16  28  38  46  50  54  54 
 0  164  15  16  20  22  30  26  30  30 
 0  371  35  49  52  59  70  35  54  27 
 0  33  3  3  4  5  6  5  6  5 
 0  51  5  9  7  9  10  5  9  2 
 0  150  15  30  20  28  30  16  30  4 
 0  80  8  16  11  14  16  8  15  3 
 0  140  14  28  19  26  28  14  27  5 
 0  159  15  21  23  26  30  15  21  8 
 0  168  15  12  20  26  30  30  30  26 
 0  50  5  10  5  8  8  4  9  1 
 0  33  3  3  4  5  6  5  6  6 
 0  106  10  14  18  20  20  10  17  18 
 0  42  4  6  8  8  8  4  7  8 
 0  86  8  10  14  16  16  10  15  16 
 0  20  2  4  3  4  4  2  4  3 
 0  10  1  2  2  2  2  1  2  2 
 0  32  3  4  5  6  6  4  6  6 
 0  371  35  49  52  59  70  35  54  52 
 0  140  14  28  19  26  28  14  27  19 
 0  150  15  30  20  28  30  16  30  21 
 0  96  9  12  18  18  16  8  15  18 
 0  10  1  2  2  1  2  1  1  2 
 0  10  1  2  2  2  2  1  1  2 
 0  76  7  8  12  14  14  10  6  2 
 0  32  3  4  4  6  6  6  6  6 
 0  74  7  10  12  14  14  8  6  4 
 0  110  11  22  16  22  20  10  12  10 
 0  30  3  6  5  6  6  3  3  3 
 0  31  3  5  5  6  6  3  3  2 
 0  20  2  4  3  4  4  2  3  1 
 0  30  3  6  4  6  4  2  4  2 
 0  71  7  13  12  13  14  7  6  7 
 0  70  7  14  12  14  14  8  6  8 
 0  70  7  14  12  14  14  14  6  8 
 0  10  1  2  2  2  2  2  1  1 
 0  10  1  2  2  2  2  2  2  2 
 0  73  7  11  12  13  14  7  6  5 
 0  10  1  2  2  2  2  1  1  1 
 0  73  7  11  12  11  14  7  6  5 
 0  149  14  19  24  27  28  15  12  9 
 0  168  15  12  20  26  30  30  30  30 
 0  106  10  14  17  19  20  10  9  7 
 0  74  7  10  12  13  14  7  6  5 
 0  30  3  6  5  6  6  3  3  5 
 0  110  11  22  16  22  20  10  12  16 
 0  31  3  5  5  6  6  3  3  5 
 0  71  7  13  12  7  14  7  6  12 
 0  71  7  13  12  13  14  7  6  12 
 0  70  7  14  12  14  14  8  6  13 
 0  477  45  63  74  83  90  45  48  74 
 0  317  29  31  42  51  58  45  48  58 
 0  106  10  14  18  20  20  10  13  18 
 0  86  8  10  14  16  16  10  13  16 
 0  21  2  3  4  4  4  2  3  4 
 0  261  25  39  42  49  50  25  24  42 
 0  260  25  40  42  50  50  26  24  43 
 0  95  9  13  14  18  18  13  12  18 
 0  73  7  11  12  14  14  7  7  12 
 0  212  20  28  34  38  40  20  18  29 
 0  72  7  12  12  9  14  7  6  12 
 0  72  7  12  12  13  14  7  6  12 
 0  71  7  13  12  14  14  8  6  13 
 0  70  7  14  12  14  14  9  6  14 
 0  74  7  10  12  13  14  7  6  10 
 0  149  14  19  24  27  28  15  12  19 
 0  74  7  10  12  14  14  8  6  10 
 0  124  11  8  12  16  18  22  22  22 
 0  70  7  14  12  6  14  12  6  8 
 0  10  1  2  2  1  2  2  1  1 
 0  70  7  14  12  10  14  14  6  8 
 0  70  7  14  12  8  14  14  6  10 
 0  146  13  10  16  18  24  26  24  26 
 0  120  11  12  16  14  22  22  18  22 
 0  70  7  14  12  8  14  14  6  14 
 0  54  5  6  8  6  10  10  6  8 
 0  74  7  10  12  8  14  14  6  10 
 0  149  14  19  24  15  28  27  12  19 
 0  50  5  10  8  10  10  10  6  4 
 0  30  3  6  4  6  6  6  6  4 
 0  68  6  4  7  9  11  12  12  12 
 0  76  7  8  12  12  14  12  6  2 
 0  74  7  10  12  14  14  14  6  4 
 0  21  2  3  4  3  4  4  2  1 
 0  170  15  10  18  24  28  30  30  30 
 0  230  21  22  36  42  42  34  18  4 
 0  626  57  58  96  114  112  90  48  10 
 0  282  25  18  32  42  48  50  48  50 
 0  392  35  28  48  62  70  70  66  70 
 0  70  7  14  12  14  14  14  6  14 
 0  120  11  12  16  22  22  22  18  22 
 0  112  10  8  14  18  20  20  18  19 
 0  626  57  58  96  114  112  90  48  58 
 0  230  21  22  36  42  42  34  18  22 
 0  66  6  6  10  12  12  10  6  7 
 0  76  7  8  12  14  14  10  6  8 
 0  74  7  10  12  14  14  14  6  10 
 0  44  4  4  6  8  8  8  6  7 
 0  192  17  12  20  24  30  34  34  34 
 0  31  3  5  6  3  5  6  3  2 
 0  116  11  16  20  12  22  22  10  14 
 0  240  21  12  22  30  36  40  42  42 
 0  170  15  10  18  24  28  30  30  28 
 0  33  3  3  5  6  6  5  3  0 
 0  32  3  4  6  6  6  6  4  0 
 0  56  5  4  7  9  10  10  9  7 
 0  22  2  2  3  4  4  4  3  2 
 0  30  3  6  4  6  6  4  6  0 
 0  10  1  2  2  2  2  2  2  0 
 0  100  9  8  12  16  18  18  18  14 
 0  32  3  4  4  6  6  6  6  4 
 0  102  9  6  10  14  16  18  18  18 
 0  30  3  6  3  5  5  3  6  0 
 0  240  21  12  21  29  35  39  42  42 
 0  410  41  82  36  62  60  30  72  10 
 0  205  18  11  18  25  30  33  36  36 
 0  410  41  82  36  62  60  30  72  36 
 0  60  6  12  6  10  10  6  12  7 
 0  210  21  42  21  29  35  39  42  42 
 0  310  31  62  24  38  40  30  48  14 
 0  30  3  6  3  5  5  6  6  6 
 0  30  3  6  3  6  5  6  6  5 
 0  40  4  8  3  5  5  3  6  2 
 0  30  3  6  3  6  5  6  6  6 
 0  70  7  14  8  6  8  6  8  6 
 0  180  18  36  18  25  30  33  36  36 
 0  80  8  16  6  10  10  6  12  7 
 0  60  6  12  6  12  10  11  12  12 
 0  450  45  90  36  62  60  30  72  18 
 0  90  9  18  8  10  12  6  12  6 
 0  31  3  5  3  6  5  6  6  6 
 0  150  15  30  12  22  20  10  24  6 
 0  90  9  18  8  14  12  6  12  6 
 0  450  45  90  36  62  60  30  72  36 
 0  90  9  18  8  10  12  6  12  8 
 0  61  6  11  6  12  10  11  12  12 
 0  60  6  12  6  12  10  10  12  11 
 0  90  9  18  12  18  12  6  16  12 
 0  150  15  30  12  22  20  10  24  12 
 0  31  3  5  4  6  6  5  6  6 
 0  20  2  4  3  4  4  2  3  3 
 0  30  3  6  4  6  6  4  6  5 
 0  90  9  18  8  14  12  6  12  8 
 0  97  9  11  12  13  18  15  18  18 
 0  30  3  6  6  4  6  3  5  6 
 0  50  5  10  9  8  10  6  10  10 
 0  90  9  18  13  12  18  9  15  13 
 0  150  15  30  20  24  30  18  30  23 
 0  228  21  24  28  30  42  36  42  42 
 0  150  15  30  20  24  30  18  30  12 
 0  90  9  18  13  12  18  9  15  9 
 0  70  7  14  8  10  12  6  12  2 
 0  210  21  42  28  18  36  18  24  18 
 0  30  3  6  5  3  6  3  3  3 
 0  154  15  26  23  16  30  15  21  23 
 0  119  11  13  15  15  22  18  21  22 
 0  30  3  6  5  2  6  3  3  5 
 0  400  35  20  36  48  58  66  70  70 
 0  31  3  5  6  3  3  6  5  0 
 0  30  3  6  6  4  4  6  6  0 
 0  100  9  8  12  12  14  18  18  14 
 0  310  31  62  48  30  32  54  48  14 
 0  510  51  102  96  54  56  102  88  14 
 0  230  23  46  24  22  24  30  32  14 
 0  30  3  6  3  3  3  3  4  2 
 0  350  35  70  36  48  58  66  70  70 
 0  450  45  90  48  42  48  66  64  42 
 0  90  9  18  12  12  14  18  18  14 
 0  110  11  22  12  16  18  22  22  22 
 0  30  3  6  4  2  5  3  3  3 
 0  50  5  10  8  2  8  6  4  6 
 0  150  15  30  24  6  28  18  12  26 
 0  70  7  14  12  6  14  8  6  8 
 0  40  4  8  6  2  7  5  3  5 
 0  90  9  18  12  6  14  12  10  8 
 0  30  3  6  6  3  4  6  5  1 
 0  60  6  12  10  7  12  12  11  9 
 0  30  3  6  5  4  6  6  6  4 
 0  32  3  4  4  4  6  6  6  6 
 0  410  41  82  60  42  82  72  66  64 
 0  310  31  62  40  22  52  42  36  34 
 0  30  3  6  4  4  6  6  6  6 
 0  30  3  6  4  2  5  4  3  3 
 0  50  5  10  6  4  8  6  6  4 
 0  150  15  30  20  22  30  24  30  16 
 0  30  3  6  4  6  6  6  6  6 
 0  130  13  26  16  10  16  18  16  10 
 0  90  9  18  12  13  18  15  18  18 
 0  30  3  6  4  6  6  5  6  6 
 0  125  11  7  12  15  18  21  22  22 
 0  100  9  8  12  12  14  18  18  17 
 0  247  24  41  48  21  20  45  36  23 
 0  60  6  12  12  6  6  12  10  7 
 0  122  12  22  24  12  10  24  18  13 
 0  62  6  10  12  6  6  12  10  7 
 0  56  5  4  6  7  8  10  10  10 
 0  247  24  41  48  21  20  45  36  5 
 0  30  3  6  6  3  3  6  5  1 
 0  61  6  11  12  6  5  12  9  2 
 0  278  27  46  54  24  22  48  40  6 
 0  210  21  42  42  24  18  24  32  26 
 0  30  3  6  6  4  2  4  4  4 
 0  30  3  6  6  6  2  4  4  6 
 0  110  11  22  18  12  10  12  16  6 
 0  150  15  30  30  16  14  24  24  6 
 0  210  21  42  42  24  18  24  32  18 
 0  30  3  6  6  4  6  6  6  6 
 0  92  9  16  18  6  10  12  10  6 
 0  41  4  7  8  3  4  5  4  3 
 0  30  3  6  6  3  3  3  4  4 
 0  70  7  14  12  6  8  6  8  10 
 0  20  2  4  4  2  2  2  2  3 
 0  50  5  10  10  4  6  6  6  4 
 0  70  7  14  12  6  8  6  8  6 
 0  30  3  6  6  3  3  3  4  3 
 0  10  1  2  2  1  1  1  1  1 
 0  31  3  5  6  3  2  3  4  3 
 0  94  9  14  18  12  8  6  14  12 
 0  94  9  14  18  12  12  18  18  8 
 0  94  9  14  18  12  12  18  18  15 
 0  30  3  6  6  4  4  6  6  5 
 0  22  2  2  3  3  3  4  4  4 
 0  222  21  30  42  36  26  42  40  42 
 0  30  3  6  6  6  2  6  4  6 
 0  95  9  13  18  15  12  18  18  18 
 0  30  3  6  6  5  4  6  6  6 
 0  31  3  5  6  3  2  5  4  3 
 0  30  3  6  6  4  2  6  4  4 
 0  61  6  11  12  3  11  9  6  11 
 0  20  2  4  4  1  4  3  2  4 
 0  184  18  32  36  12  35  30  22  36 
 0  62  6  10  12  6  11  12  10  12 
 0  20  2  4  4  1  3  3  2  3 
 0  60  6  12  12  6  11  12  10  12 
 0  61  6  11  12  3  8  9  6  8 
 0  94  9  14  18  12  15  18  18  18 
 0  30  3  6  6  4  5  6  6  6 
 0  41  4  7  8  3  4  5  4  5 
 0  30  3  6  6  3  6  6  5  6 
 0  20  2  4  4  1  3  3  2  2 
 0  30  3  6  6  3  6  6  5  5 
 0  100  9  8  12  12  16  18  18  18 
 0  31  3  5  6  3  6  6  5  6 
 0  31  3  5  6  3  6  6  3  4 
 0  61  6  11  12  3  8  9  6  5 
 0  100  9  8  12  12  15  18  18  18 
 0  123  11  9  14  15  18  22  22  22 
 0  76  7  8  12  14  14  10  14  14 
 0  106  10  14  18  20  20  10  17  14 
 0  20  2  4  3  4  4  2  4  1 
 0  52  5  8  9  8  10  5  8  4 
 0  53  5  7  9  10  10  5  5  4 
 0  53  5  7  9  10  10  5  7  4 
 0  56  5  4  7  9  10  10  10  9 
 0  362  33  34  56  66  64  50  28  6 
 0  66  6  6  10  12  12  10  11  12 
 0  130  12  14  22  24  20  10  14  17 
 0  106  10  14  18  20  20  10  10  15 
 0  33  3  3  5  6  6  5  6  6 
 0  65  6  7  11  12  10  5  7  6 
 0  98  9  10  16  18  16  10  8  10 
 0  96  9  12  16  18  18  10  8  12 
 0  56  5  4  7  9  10  10  10  10 
 0  22  2  2  3  4  4  4  4  4 
 0  98  9  10  16  18  16  10  8  6 
 0  96  9  12  16  18  18  10  8  6 
 0  112  10  8  14  18  20  20  19  20 
 0  44  4  4  6  8  8  8  7  8 
 0  33  3  3  5  6  6  6  6  5 
 0  32  3  4  6  6  6  6  6  4 
 0  98  9  10  16  18  18  14  8  2 
 0  32  3  4  6  6  6  4  5  6 
 0  21  2  3  4  4  4  2  2  3 
 0  85  8  11  16  15  14  7  8  11 
 0  96  9  12  18  18  16  8  10  13 
 0  64  6  8  12  12  11  6  6  8 
 0  32  3  4  6  6  6  4  3  4 
 0  21  2  3  4  4  4  2  2  2 
 0  85  8  11  16  15  14  7  8  9 
 0  96  9  12  18  18  16  8  10  10 
 0  64  6  8  12  12  11  6  6  6 
 0  32  3  4  6  6  6  4  3  2 
 0  33  3  3  5  6  6  6  6  6 
 0  32  3  4  6  6  6  6  6  6 
 0  52  5  8  10  6  8  4  5  8 
 0  21  2  3  4  3  2  1  2  3 
 0  52  5  8  10  6  8  4  5  6 
 0  98  9  10  16  18  16  18  16  18 
 0  32  3  4  6  6  5  6  5  6 
 0  66  6  6  10  12  12  12  11  12 
 0  32  3  4  6  6  6  6  5  6 
 0  10  1  2  2  2  2  2  1  2 
 0  66  6  6  10  12  12  12  10  11 
 0  32  3  4  6  6  6  6  4  5 
 0  21  2  3  4  4  4  4  2  3 
 0  21  2  3  4  3  4  4  2  3 
 0  64  6  8  12  12  12  11  6  8 
 0  20  2  4  4  2  2  4  2  3 
 0  41  4  7  8  3  4  7  4  5 
 0  41  4  7  8  3  4  7  4  3 
 0  10  1  2  2  1  1  2  1  1 
 0  54  5  6  8  6  8  10  8  10 
 0  20  2  4  4  2  3  4  2  4 
 0  31  3  5  6  3  5  6  4  6 
 0  61  6  11  12  6  8  12  6  11 
 0  31  3  5  6  3  5  6  3  5 
 0  155  15  25  30  15  22  30  18  28 
 0  247  24  41  48  21  32  45  24  41 
 0  73  7  11  14  9  10  14  10  14 
 0  54  5  6  8  6  10  10  8  10 
 0  41  4  7  8  3  8  7  4  7 
 0  41  4  7  8  3  8  7  5  8 
 0  31  3  5  6  3  6  6  3  5 
 0  10  1  2  2  1  2  2  1  2 
 0  31  3  5  6  3  6  6  4  6 
 0  116  11  16  20  12  22  22  10  16 
 0  448  43  68  84  48  68  36  60  86 
 0  41  4  7  8  5  6  3  6  8 
 0  73  7  11  14  9  10  5  10  14 
 0  40  4  8  8  5  6  3  6  8 
 0  90  9  18  16  6  16  10  8  18 
 0  70  7  14  12  6  12  6  8  6 
 0  76  7  8  10  10  14  12  14  14 
 0  163  16  29  32  19  30  15  24  17 
 0  91  9  17  18  11  18  9  14  11 
 0  30  3  6  6  4  6  3  5  3 
 0  51  5  9  10  7  10  5  8  5 
 0  132  13  24  26  14  24  12  18  14 
 0  30  3  6  6  3  6  3  4  4 
 0  190  19  38  38  20  36  18  26  20 
 0  91  9  17  18  11  18  9  14  18 
 0  72  7  12  14  8  12  6  10  14 
 0  52  5  8  10  6  8  4  7  10 
 0  30  3  6  6  3  6  3  4  6 
 0  10  1  2  2  1  2  1  1  1 
 0  70  7  14  12  3  14  9  6  14 
 0  50  5  10  8  2  8  6  4  8 
 0  150  15  30  24  6  28  18  12  28 
end
*Totals: vertices=1 rays=558 bases=2372 vertices+rays=559
*lrs:lrslib v.4.1, 2001.6.26(32bit,lrsmp.h) max digits=12/100
*1.330u 0.030s 0Kb 124 flts 0 swaps 0 blks-in 0 blks-out 

